145
188
107
60
242
69
220
235
28
41
191
126
48
228
233
145
41
142
56
82
40
36
6
220
165
163
41
172
210
229
4
32
88
120
245
125
137
91
254
31
96
137
183
57
124
26
234
130
108
205
21
58
211
189
101
58
46
27
61
201
238
62
223
197
32
60
226
173
118
180
34
216
162
93
70
157
203
218
181
195
151
145
82
56
202
237
81
171
31
234
177
97
98
5
138
252
201
15
195
118
131
60
20
144
226
40
233
224
152
236
252
24
175
67
254
165
137
173
242
181
196
86
131
55
8
166
179
37
51
128
75
240
10
145
249
250
121
164
187
110
246
163
175
143
83
15
114
65
178
241
